
Sigma =

    1.0000    0.5000
    0.5000    1.0000


mles =

    0.2489
   -0.6089
   -1.3960
    0.4634
    0.3786


sigmamle =

    0.7304    0.2552
    0.2552    0.7526


R0bar =

    1.0000    0.4203
    0.4203    1.0000


acceptrate =

    0.0400


betabar =

    0.2565   -0.5305   -1.7378    0.9727    0.4700


bbar =

    0.2565   -0.5305   -1.7378    0.9727    0.4700


Rbar =

    1.0000    0.4203
    0.4203    1.0000


ar =

    0.0400

