bbar
0.531751
0.852347
0.333804

r0 = 
1.000000 -0.316610 0.092990 -0.035669 0.040791 -0.132816 0.090566 
-0.316610 1.000000 -0.062278 0.212963 0.318752 -0.026668 0.175080 
0.092990 -0.062278 1.000000 -0.423261 -0.033984 0.004382 0.431685 
-0.035669 0.212963 -0.423261 1.000000 -0.065404 0.157015 -0.278184 
0.040791 0.318752 -0.033984 -0.065404 1.000000 -0.907679 0.619492 
-0.132816 -0.026668 0.004382 0.157015 -0.907679 1.000000 -0.524907 
0.090566 0.175080 0.431685 -0.278184 0.619492 -0.524907 1.000000 

ar 
0.271000
stein loss 
3.017461
