bbar
0.327720
0.496175
0.175886

r0 = 
1.000000 -0.284796 0.327691 -0.315743 0.125074 -0.402197 -0.051236 
-0.284796 1.000000 -0.268715 0.122515 -0.127970 0.226125 -0.285693 
0.327691 -0.268715 1.000000 -0.288288 0.104122 -0.194437 0.119147 
-0.315743 0.122515 -0.288288 1.000000 -0.103362 0.192479 -0.324569 
0.125074 -0.127970 0.104122 -0.103362 1.000000 0.001838 0.257623 
-0.402197 0.226125 -0.194437 0.192479 0.001838 1.000000 0.062954 
-0.051236 -0.285693 0.119147 -0.324569 0.257623 0.062954 1.000000 

ar 
0.200000

stein loss 
2.045738
