bbar
0.329236
0.519065
0.193651

r0 = 
1.000000 0.090949 -0.007637 -0.082778 -0.053593 0.070221 0.095418 
0.090949 1.000000 -0.084732 -0.051320 0.036560 0.001054 -0.105844 
-0.007637 -0.084732 1.000000 -0.137712 0.107694 0.078651 -0.045297 
-0.082778 -0.051320 -0.137712 1.000000 -0.084571 0.010544 0.006992 
-0.053593 0.036560 0.107694 -0.084571 1.000000 -0.110773 0.098290 
0.070221 0.001054 0.078651 0.010544 -0.110773 1.000000 -0.004518 
0.095418 -0.105844 -0.045297 0.006992 0.098290 -0.004518 1.000000 

ar 
0.400000
stein loss 
1.964586
