bbar
0.415659
0.721819
0.302559

r0 = 
1.000000 0.297020 0.265701 0.088525 -0.015307 -0.021502 0.386974 
0.297020 1.000000 0.337423 0.136439 0.132152 -0.017721 -0.034939 
0.265701 0.337423 1.000000 0.262118 0.162724 0.168100 0.051192 
0.088525 0.136439 0.262118 1.000000 0.247192 0.040720 0.114504 
-0.015307 0.132152 0.162724 0.247192 1.000000 0.289676 -0.009993 
-0.021502 -0.017721 0.168100 0.040720 0.289676 1.000000 0.096062 
0.386974 -0.034939 0.051192 0.114504 -0.009993 0.096062 1.000000 

ar 
0.610000
stein loss 
11.671358
