bbar
0.429709
0.756103
0.260746

r0 = 
1.000000 -0.687783 0.295580 -0.031095 0.042864 0.116193 -0.132000 
-0.687783 1.000000 -0.451301 0.191494 -0.171457 -0.402651 -0.167947 
0.295580 -0.451301 1.000000 -0.268059 0.078986 0.140657 0.079708 
-0.031095 0.191494 -0.268059 1.000000 -0.440784 -0.097598 -0.414337 
0.042864 -0.171457 0.078986 -0.440784 1.000000 -0.256163 0.234852 
0.116193 -0.402651 0.140657 -0.097598 -0.256163 1.000000 0.557863 
-0.132000 -0.167947 0.079708 -0.414337 0.234852 0.557863 1.000000 

ar 
0.900000
stein loss 
2.689860
